"t","condition","iv","dv","dvb"
1,"Fruit",15,131.301769113542,119.742616187366
2,"Fruit",15,124.25806083552,114.205198501204
3,"Fruit",15,137.226354278202,120.962756393473
4,"Fruit",15,139.682025685912,137.438895296319
5,"Fruit",15,125.504166161261,114.505261922741
6,"Fruit",15,126.879039192077,116.786665801799
7,"Fruit",15,104.072398641762,114.345286865294
8,"Fruit",15,158.573856460379,150.125290846055
9,"Fruit",15,126.99513643713,118.940670222997
10,"Fruit",15,134.70239753468,119.509375172133
1,"Veggie",5,119.742616187366,131.301769113542
2,"Veggie",5,114.205198501204,124.25806083552
3,"Veggie",5,120.962756393473,137.226354278202
4,"Veggie",5,137.438895296319,139.682025685912
5,"Veggie",5,114.505261922741,125.504166161261
6,"Veggie",5,116.786665801799,126.879039192077
7,"Veggie",5,114.345286865294,104.072398641762
8,"Veggie",5,150.125290846055,158.573856460379
9,"Veggie",5,118.940670222997,126.99513643713
10,"Veggie",5,119.509375172133,134.70239753468
