"t","condition","iv","dv","dvb"
1,"Fruit",15,131.686656344056,119.017212340403
2,"Fruit",15,144.391312223835,139.15045205295
3,"Fruit",15,135.217148830721,120.215566473122
4,"Fruit",15,139.854174534496,126.985497179984
5,"Fruit",15,143.797289883929,132.707860672537
6,"Fruit",15,132.344193684466,122.507771608882
7,"Fruit",15,142.142196299006,131.298844772503
8,"Fruit",15,142.283201209334,126.170696859746
9,"Fruit",15,131.330310643664,114.185973143402
10,"Fruit",15,136.798957855746,116.00601870479
1,"Veggie",5,119.017212340403,131.686656344056
2,"Veggie",5,139.15045205295,144.391312223835
3,"Veggie",5,120.215566473122,135.217148830721
4,"Veggie",5,126.985497179984,139.854174534496
5,"Veggie",5,132.707860672537,143.797289883929
6,"Veggie",5,122.507771608882,132.344193684466
7,"Veggie",5,131.298844772503,142.142196299006
8,"Veggie",5,126.170696859746,142.283201209334
9,"Veggie",5,114.185973143402,131.330310643664
10,"Veggie",5,116.00601870479,136.798957855746
