"t","condition","iv","dv","dvb"
1,"Fruit",15,135.78381074247,132.830225702347
2,"Fruit",15,134.756135732843,117.87330607154
3,"Fruit",15,152.669192349398,150.150344808645
4,"Fruit",15,127.701234530804,120.36642623804
5,"Fruit",15,138.708520994786,149.024745371898
6,"Fruit",15,121.764201752972,117.548423392269
7,"Fruit",15,130.374081546035,120.131710231641
8,"Fruit",15,130.585740397542,129.314788965025
9,"Fruit",15,137.50358672406,125.443934347533
10,"Fruit",15,137.640328743072,132.983339426325
1,"Veggie",5,132.830225702347,135.78381074247
2,"Veggie",5,117.87330607154,134.756135732843
3,"Veggie",5,150.150344808645,152.669192349398
4,"Veggie",5,120.36642623804,127.701234530804
5,"Veggie",5,149.024745371898,138.708520994786
6,"Veggie",5,117.548423392269,121.764201752972
7,"Veggie",5,120.131710231641,130.374081546035
8,"Veggie",5,129.314788965025,130.585740397542
9,"Veggie",5,125.443934347533,137.50358672406
10,"Veggie",5,132.983339426325,137.640328743072
