"t","condition","iv","dv","dvb"
1,"Fruit",15,128.557624749529,118.470798126248
2,"Fruit",15,117.803640585167,110.830994239104
3,"Fruit",15,138.014764152875,131.892033753072
4,"Fruit",15,134.844071198797,122.635180097286
5,"Fruit",15,124.790049504469,101.283078062276
6,"Fruit",15,126.371258046556,113.967796689409
7,"Fruit",15,138.204448652825,127.136358162012
8,"Fruit",15,134.565730096481,117.064028628031
9,"Fruit",15,136.103473519279,118.607943462463
10,"Fruit",15,150.271018180086,129.982386299663
1,"Veggie",5,118.470798126248,128.557624749529
2,"Veggie",5,110.830994239104,117.803640585167
3,"Veggie",5,131.892033753072,138.014764152875
4,"Veggie",5,122.635180097286,134.844071198797
5,"Veggie",5,101.283078062276,124.790049504469
6,"Veggie",5,113.967796689409,126.371258046556
7,"Veggie",5,127.136358162012,138.204448652825
8,"Veggie",5,117.064028628031,134.565730096481
9,"Veggie",5,118.607943462463,136.103473519279
10,"Veggie",5,129.982386299663,150.271018180086
