"t","condition","iv","dv","dvb"
1,"Fruit",15,141.506385903132,126.14709295544
2,"Fruit",15,144.320169379084,136.499153901635
3,"Fruit",15,127.898939566199,127.50494036832
4,"Fruit",15,148.959584056758,140.783182442212
5,"Fruit",15,136.019607821004,121.08364968772
6,"Fruit",15,151.31236717116,144.373505146609
7,"Fruit",15,135.687620232657,117.278197892276
8,"Fruit",15,145.446671103907,138.333780772692
9,"Fruit",15,148.908104459203,147.107936506665
10,"Fruit",15,158.302710570457,153.195189102926
1,"Veggie",5,126.14709295544,141.506385903132
2,"Veggie",5,136.499153901635,144.320169379084
3,"Veggie",5,127.50494036832,127.898939566199
4,"Veggie",5,140.783182442212,148.959584056758
5,"Veggie",5,121.08364968772,136.019607821004
6,"Veggie",5,144.373505146609,151.31236717116
7,"Veggie",5,117.278197892276,135.687620232657
8,"Veggie",5,138.333780772692,145.446671103907
9,"Veggie",5,147.107936506665,148.908104459203
10,"Veggie",5,153.195189102926,158.302710570457
