"t","condition","iv","dv","dvb"
1,"Fruit",15,140.985259813027,133.613489602203
2,"Fruit",15,141.965130523896,129.69515770259
3,"Fruit",15,138.671087989118,131.388716619109
4,"Fruit",15,140.222193673982,126.73993569446
5,"Fruit",15,134.503739824654,126.965023760921
6,"Fruit",15,139.034670236659,139.699242532438
7,"Fruit",15,130.298209136011,122.461930389564
8,"Fruit",15,145.546470565244,135.979041057288
9,"Fruit",15,166.404490070915,157.766882465784
10,"Fruit",15,148.689968761768,128.991018731864
1,"Veggie",5,133.613489602203,140.985259813027
2,"Veggie",5,129.69515770259,141.965130523896
3,"Veggie",5,131.388716619109,138.671087989118
4,"Veggie",5,126.73993569446,140.222193673982
5,"Veggie",5,126.965023760921,134.503739824654
6,"Veggie",5,139.699242532438,139.034670236659
7,"Veggie",5,122.461930389564,130.298209136011
8,"Veggie",5,135.979041057288,145.546470565244
9,"Veggie",5,157.766882465784,166.404490070915
10,"Veggie",5,128.991018731864,148.689968761768
