"t","condition","iv","dv","dvb"
1,"Fruit",15,132.990769321529,124.216987219554
2,"Fruit",15,133.833701156159,120.944779090756
3,"Fruit",15,145.978628239921,136.892215679832
4,"Fruit",15,142.0644453152,134.974758618847
5,"Fruit",15,121.40961023204,114.301696875535
6,"Fruit",15,129.16255641801,119.604557778652
7,"Fruit",15,143.746981290536,134.303355902054
8,"Fruit",15,128.546845598391,106.288397368223
9,"Fruit",15,132.720139554198,130.605376025511
10,"Fruit",15,143.80011363225,130.138266083578
1,"Veggie",5,124.216987219554,132.990769321529
2,"Veggie",5,120.944779090756,133.833701156159
3,"Veggie",5,136.892215679832,145.978628239921
4,"Veggie",5,134.974758618847,142.0644453152
5,"Veggie",5,114.301696875535,121.40961023204
6,"Veggie",5,119.604557778652,129.16255641801
7,"Veggie",5,134.303355902054,143.746981290536
8,"Veggie",5,106.288397368223,128.546845598391
9,"Veggie",5,130.605376025511,132.720139554198
10,"Veggie",5,130.138266083578,143.80011363225
