"t","condition","iv","dv","dvb"
1,"Fruit",15,140.297854433346,135.377131036808
2,"Fruit",15,132.05521076772,116.99085075591
3,"Fruit",15,136.515689513343,119.046285902465
4,"Fruit",15,142.300857153126,141.962165482177
5,"Fruit",15,142.928743815811,129.816416865046
6,"Fruit",15,120.122138708737,118.284105400881
7,"Fruit",15,132.21976859517,114.725824595747
8,"Fruit",15,121.723949088402,110.584034932507
9,"Fruit",15,132.812588415311,131.096079547499
10,"Fruit",15,161.363062464335,148.590444008113
1,"Veggie",5,135.377131036808,140.297854433346
2,"Veggie",5,116.99085075591,132.05521076772
3,"Veggie",5,119.046285902465,136.515689513343
4,"Veggie",5,141.962165482177,142.300857153126
5,"Veggie",5,129.816416865046,142.928743815811
6,"Veggie",5,118.284105400881,120.122138708737
7,"Veggie",5,114.725824595747,132.21976859517
8,"Veggie",5,110.584034932507,121.723949088402
9,"Veggie",5,131.096079547499,132.812588415311
10,"Veggie",5,148.590444008113,161.363062464335
