"t","condition","iv","dv","dvb"
1,"Fruit",15,131.959834516881,133.28339619701
2,"Fruit",15,135.954386694341,131.345888965013
3,"Fruit",15,159.681502231221,144.738616558971
4,"Fruit",15,147.079097912794,127.20728098695
5,"Fruit",15,120.386780408678,102.266760376104
6,"Fruit",15,149.669674034078,141.623808661444
7,"Fruit",15,165.338840553424,148.231991889802
8,"Fruit",15,153.266886840509,136.557871514925
9,"Fruit",15,146.790559402407,130.13270629129
10,"Fruit",15,142.028605039886,126.70648785684
1,"Veggie",5,133.28339619701,131.959834516881
2,"Veggie",5,131.345888965013,135.954386694341
3,"Veggie",5,144.738616558971,159.681502231221
4,"Veggie",5,127.20728098695,147.079097912794
5,"Veggie",5,102.266760376104,120.386780408678
6,"Veggie",5,141.623808661444,149.669674034078
7,"Veggie",5,148.231991889802,165.338840553424
8,"Veggie",5,136.557871514925,153.266886840509
9,"Veggie",5,130.13270629129,146.790559402407
10,"Veggie",5,126.70648785684,142.028605039886
