"t","condition","iv","dv","dvb"
1,"Fruit",15,138.221556377468,126.551449562402
2,"Fruit",15,153.371039944225,144.379980754858
3,"Fruit",15,153.471063803059,135.243586060572
4,"Fruit",15,141.402882668325,129.206421739034
5,"Fruit",15,143.200626926017,134.486914520361
6,"Fruit",15,134.225026312311,126.101917028698
7,"Fruit",15,149.603254916401,141.586830065687
8,"Fruit",15,146.666422152922,128.006687391405
9,"Fruit",15,147.056335453576,134.08756128311
10,"Fruit",15,135.98220954775,122.620571067225
1,"Veggie",5,126.551449562402,138.221556377468
2,"Veggie",5,144.379980754858,153.371039944225
3,"Veggie",5,135.243586060572,153.471063803059
4,"Veggie",5,129.206421739034,141.402882668325
5,"Veggie",5,134.486914520361,143.200626926017
6,"Veggie",5,126.101917028698,134.225026312311
7,"Veggie",5,141.586830065687,149.603254916401
8,"Veggie",5,128.006687391405,146.666422152922
9,"Veggie",5,134.08756128311,147.056335453576
10,"Veggie",5,122.620571067225,135.98220954775
