"t","condition","iv","dv","dvb"
1,"Fruit",15,149.598593737296,146.130078681139
2,"Fruit",15,133.068496350393,125.255238505227
3,"Fruit",15,116.557363659547,114.968695854857
4,"Fruit",15,131.011272784721,117.974818198835
5,"Fruit",15,124.89440844742,121.708106160383
6,"Fruit",15,146.164962284556,133.896505552404
7,"Fruit",15,136.602425805897,128.628375615817
8,"Fruit",15,144.641213969,123.361144793339
9,"Fruit",15,158.67161811368,138.940544966568
10,"Fruit",15,155.217233184804,136.537907300392
1,"Veggie",5,146.130078681139,149.598593737296
2,"Veggie",5,125.255238505227,133.068496350393
3,"Veggie",5,114.968695854857,116.557363659547
4,"Veggie",5,117.974818198835,131.011272784721
5,"Veggie",5,121.708106160383,124.89440844742
6,"Veggie",5,133.896505552404,146.164962284556
7,"Veggie",5,128.628375615817,136.602425805897
8,"Veggie",5,123.361144793339,144.641213969
9,"Veggie",5,138.940544966568,158.67161811368
10,"Veggie",5,136.537907300392,155.217233184804
