"t","condition","iv","dv","dvb"
1,"Fruit",15,114.849476375433,104.655876055449
2,"Fruit",15,128.720794733433,128.120062386909
3,"Fruit",15,137.368419275596,126.211297162108
4,"Fruit",15,143.791688258479,141.996225129466
5,"Fruit",15,140.494079732257,127.363469828056
6,"Fruit",15,151.180686455179,137.492270799167
7,"Fruit",15,138.805368342245,123.42391625796
8,"Fruit",15,133.244818942435,128.343632886694
9,"Fruit",15,157.123349382531,135.888660366606
10,"Fruit",15,139.231546109174,133.399217835158
1,"Veggie",5,104.655876055449,114.849476375433
2,"Veggie",5,128.120062386909,128.720794733433
3,"Veggie",5,126.211297162108,137.368419275596
4,"Veggie",5,141.996225129466,143.791688258479
5,"Veggie",5,127.363469828056,140.494079732257
6,"Veggie",5,137.492270799167,151.180686455179
7,"Veggie",5,123.42391625796,138.805368342245
8,"Veggie",5,128.343632886694,133.244818942435
9,"Veggie",5,135.888660366606,157.123349382531
10,"Veggie",5,133.399217835158,139.231546109174
