"t","condition","iv","dv","dvb"
1,"Fruit",15,142.00252411836,126.211382716684
2,"Fruit",15,136.038010825961,129.799355217474
3,"Fruit",15,126.796328493796,123.579069286084
4,"Fruit",15,164.90615333239,136.99076180236
5,"Fruit",15,159.009036838128,150.235634512042
6,"Fruit",15,167.031255045689,161.828557365081
7,"Fruit",15,134.754810571324,127.781456176361
8,"Fruit",15,156.982736912788,141.240486918402
9,"Fruit",15,125.383523417802,119.149020152512
10,"Fruit",15,126.549042743895,115.480774079664
1,"Veggie",5,126.211382716684,142.00252411836
2,"Veggie",5,129.799355217474,136.038010825961
3,"Veggie",5,123.579069286084,126.796328493796
4,"Veggie",5,136.99076180236,164.90615333239
5,"Veggie",5,150.235634512042,159.009036838128
6,"Veggie",5,161.828557365081,167.031255045689
7,"Veggie",5,127.781456176361,134.754810571324
8,"Veggie",5,141.240486918402,156.982736912788
9,"Veggie",5,119.149020152512,125.383523417802
10,"Veggie",5,115.480774079664,126.549042743895
