"t","condition","iv","dv","dvb"
1,"Fruit",15,136.574895121942,135.520300073179
2,"Fruit",15,151.543031328558,154.668625765823
3,"Fruit",15,132.493049628449,125.321065175255
4,"Fruit",15,130.389208216432,134.334385705327
5,"Fruit",15,152.822490474398,143.534915390602
6,"Fruit",15,131.049067778019,133.405595151323
7,"Fruit",15,153.010534091522,145.598416831163
8,"Fruit",15,126.906468221719,116.429292768142
9,"Fruit",15,149.109254595293,135.311945292054
10,"Fruit",15,129.795134330787,128.685254124579
1,"Veggie",5,135.520300073179,136.574895121942
2,"Veggie",5,154.668625765823,151.543031328558
3,"Veggie",5,125.321065175255,132.493049628449
4,"Veggie",5,134.334385705327,130.389208216432
5,"Veggie",5,143.534915390602,152.822490474398
6,"Veggie",5,133.405595151323,131.049067778019
7,"Veggie",5,145.598416831163,153.010534091522
8,"Veggie",5,116.429292768142,126.906468221719
9,"Veggie",5,135.311945292054,149.109254595293
10,"Veggie",5,128.685254124579,129.795134330787
