"t","condition","iv","dv","dvb"
1,"Fruit",15,131.166188786713,124.585230358809
2,"Fruit",15,141.322012477994,136.624882084025
3,"Fruit",15,135.644188484843,130.579953386103
4,"Fruit",15,137.692015366096,122.925475144972
5,"Fruit",15,133.958195623902,118.273832002349
6,"Fruit",15,140.892195334381,129.225325963283
7,"Fruit",15,157.104393005527,142.669468418612
8,"Fruit",15,151.76003303762,133.475537626987
9,"Fruit",15,136.501630799058,128.894885502166
10,"Fruit",15,146.076504072806,135.588158521375
1,"Veggie",5,124.585230358809,131.166188786713
2,"Veggie",5,136.624882084025,141.322012477994
3,"Veggie",5,130.579953386103,135.644188484843
4,"Veggie",5,122.925475144972,137.692015366096
5,"Veggie",5,118.273832002349,133.958195623902
6,"Veggie",5,129.225325963283,140.892195334381
7,"Veggie",5,142.669468418612,157.104393005527
8,"Veggie",5,133.475537626987,151.76003303762
9,"Veggie",5,128.894885502166,136.501630799058
10,"Veggie",5,135.588158521375,146.076504072806
