"t","condition","iv","dv","dvb"
1,"Fruit",15,148.166323024848,134.918256956882
2,"Fruit",15,151.978715482275,139.212900936154
3,"Fruit",15,132.167124042789,110.384308663748
4,"Fruit",15,148.769666407479,140.887354878847
5,"Fruit",15,123.515958073111,106.466900121793
6,"Fruit",15,153.019224174213,134.364378692878
7,"Fruit",15,137.309042616876,124.675868320028
8,"Fruit",15,134.44649037898,131.971140419294
9,"Fruit",15,139.378919920055,126.600853239797
10,"Fruit",15,147.212799023569,144.980993527761
1,"Veggie",5,134.918256956882,148.166323024848
2,"Veggie",5,139.212900936154,151.978715482275
3,"Veggie",5,110.384308663748,132.167124042789
4,"Veggie",5,140.887354878847,148.769666407479
5,"Veggie",5,106.466900121793,123.515958073111
6,"Veggie",5,134.364378692878,153.019224174213
7,"Veggie",5,124.675868320028,137.309042616876
8,"Veggie",5,131.971140419294,134.44649037898
9,"Veggie",5,126.600853239797,139.378919920055
10,"Veggie",5,144.980993527761,147.212799023569
