"t","condition","iv","dv","dvb"
1,"Fruit",15,134.261805516298,127.190085874964
2,"Fruit",15,150.488302433067,146.571278938715
3,"Fruit",15,135.098544651409,132.064500042502
4,"Fruit",15,146.869795250387,132.785749998267
5,"Fruit",15,131.504897021145,126.739189800343
6,"Fruit",15,125.844204071614,117.275391508227
7,"Fruit",15,145.209356587531,131.48325351749
8,"Fruit",15,128.977589133802,105.928483902933
9,"Fruit",15,163.024461747176,162.87320131675
10,"Fruit",15,130.067818490377,130.158196850134
1,"Veggie",5,127.190085874964,134.261805516298
2,"Veggie",5,146.571278938715,150.488302433067
3,"Veggie",5,132.064500042502,135.098544651409
4,"Veggie",5,132.785749998267,146.869795250387
5,"Veggie",5,126.739189800343,131.504897021145
6,"Veggie",5,117.275391508227,125.844204071614
7,"Veggie",5,131.48325351749,145.209356587531
8,"Veggie",5,105.928483902933,128.977589133802
9,"Veggie",5,162.87320131675,163.024461747176
10,"Veggie",5,130.158196850134,130.067818490377
