"t","condition","iv","dv","dvb"
1,"Fruit",15,149.843486529628,132.085774767611
2,"Fruit",15,136.729920276398,132.304620019555
3,"Fruit",15,136.604655897857,116.819571005999
4,"Fruit",15,144.042203366185,130.930507520671
5,"Fruit",15,134.690743387353,119.472741051327
6,"Fruit",15,134.981746556007,120.863621333511
7,"Fruit",15,124.545601413202,110.615922811093
8,"Fruit",15,142.276180861199,135.985606676206
9,"Fruit",15,147.93118230215,142.826515575617
10,"Fruit",15,146.365445561774,127.13812359205
1,"Veggie",5,132.085774767611,149.843486529628
2,"Veggie",5,132.304620019555,136.729920276398
3,"Veggie",5,116.819571005999,136.604655897857
4,"Veggie",5,130.930507520671,144.042203366185
5,"Veggie",5,119.472741051327,134.690743387353
6,"Veggie",5,120.863621333511,134.981746556007
7,"Veggie",5,110.615922811093,124.545601413202
8,"Veggie",5,135.985606676206,142.276180861199
9,"Veggie",5,142.826515575617,147.93118230215
10,"Veggie",5,127.13812359205,146.365445561774
