"t","condition","iv","dv","dvb"
1,"Fruit",15,130.479323712257,126.63781736589
2,"Fruit",15,149.83430764115,145.826336966976
3,"Fruit",15,158.010898755942,141.972771205944
4,"Fruit",15,146.270494320981,140.187360128204
5,"Fruit",15,146.985551573533,132.997788958539
6,"Fruit",15,128.615561918341,119.471887493527
7,"Fruit",15,139.992737788851,119.249348861857
8,"Fruit",15,126.099057642735,111.150790911841
9,"Fruit",15,127.993253232963,119.683392158051
10,"Fruit",15,127.44449393029,116.029647002454
1,"Veggie",5,126.63781736589,130.479323712257
2,"Veggie",5,145.826336966976,149.83430764115
3,"Veggie",5,141.972771205944,158.010898755942
4,"Veggie",5,140.187360128204,146.270494320981
5,"Veggie",5,132.997788958539,146.985551573533
6,"Veggie",5,119.471887493527,128.615561918341
7,"Veggie",5,119.249348861857,139.992737788851
8,"Veggie",5,111.150790911841,126.099057642735
9,"Veggie",5,119.683392158051,127.993253232963
10,"Veggie",5,116.029647002454,127.44449393029
