"t","condition","iv","dv","dvb"
1,"Fruit",15,147.381282627149,123.907756075838
2,"Fruit",15,133.603137648667,109.867073521203
3,"Fruit",15,138.40167116807,124.516126305368
4,"Fruit",15,129.191409348743,114.812095240956
5,"Fruit",15,135.268735900585,133.522599182323
6,"Fruit",15,155.240234318099,136.920085060028
7,"Fruit",15,154.041844261438,137.090435595063
8,"Fruit",15,162.248043241802,147.53750583421
9,"Fruit",15,137.566830691825,134.480353763874
10,"Fruit",15,130.295484954204,118.364427497343
1,"Veggie",5,123.907756075838,147.381282627149
2,"Veggie",5,109.867073521203,133.603137648667
3,"Veggie",5,124.516126305368,138.40167116807
4,"Veggie",5,114.812095240956,129.191409348743
5,"Veggie",5,133.522599182323,135.268735900585
6,"Veggie",5,136.920085060028,155.240234318099
7,"Veggie",5,137.090435595063,154.041844261438
8,"Veggie",5,147.53750583421,162.248043241802
9,"Veggie",5,134.480353763874,137.566830691825
10,"Veggie",5,118.364427497343,130.295484954204
