"t","condition","iv","dv","dvb"
1,"Fruit",15,134.917132374609,119.078472938089
2,"Fruit",15,144.307215108481,127.011934059383
3,"Fruit",15,147.962520956505,135.533576859645
4,"Fruit",15,134.927461697057,114.084985186134
5,"Fruit",15,140.373059075318,123.094038977974
6,"Fruit",15,137.165566284006,136.286500109863
7,"Fruit",15,133.540427933238,124.541208033942
8,"Fruit",15,141.58754421327,131.869023941063
9,"Fruit",15,122.170006450688,108.695848387885
10,"Fruit",15,163.398908921028,150.064182799731
1,"Veggie",5,119.078472938089,134.917132374609
2,"Veggie",5,127.011934059383,144.307215108481
3,"Veggie",5,135.533576859645,147.962520956505
4,"Veggie",5,114.084985186134,134.927461697057
5,"Veggie",5,123.094038977974,140.373059075318
6,"Veggie",5,136.286500109863,137.165566284006
7,"Veggie",5,124.541208033942,133.540427933238
8,"Veggie",5,131.869023941063,141.58754421327
9,"Veggie",5,108.695848387885,122.170006450688
10,"Veggie",5,150.064182799731,163.398908921028
