"t","condition","iv","dv","dvb"
1,"Fruit",15,145.985075045509,127.64120327407
2,"Fruit",15,144.19731766041,135.035255198987
3,"Fruit",15,151.816581050238,153.308798007457
4,"Fruit",15,151.927001434099,94.2594633676927
5,"Fruit",15,123.489833341437,131.094329141838
6,"Fruit",15,135.294661476663,128.359025752323
7,"Fruit",15,133.632637632189,128.383202292163
8,"Fruit",15,138.269015936823,119.272296418648
9,"Fruit",15,103.858855068285,129.895844105791
10,"Fruit",15,147.748923153893,138.724977706719
1,"Veggie",5,127.64120327407,145.985075045509
2,"Veggie",5,135.035255198987,144.19731766041
3,"Veggie",5,153.308798007457,151.816581050238
4,"Veggie",5,94.2594633676927,151.927001434099
5,"Veggie",5,131.094329141838,123.489833341437
6,"Veggie",5,128.359025752323,135.294661476663
7,"Veggie",5,128.383202292163,133.632637632189
8,"Veggie",5,119.272296418648,138.269015936823
9,"Veggie",5,129.895844105791,103.858855068285
10,"Veggie",5,138.724977706719,147.748923153893
