"t","condition","iv","dv","dvb"
1,"Fruit",15,144.289812608031,124.269486269286
2,"Fruit",15,141.465395669001,134.908100506142
3,"Fruit",15,147.53271635632,130.587107837705
4,"Fruit",15,130.093326818095,126.325477997689
5,"Fruit",15,133.21431314003,121.590081088969
6,"Fruit",15,134.986202063087,143.790032845772
7,"Fruit",15,117.487160290577,136.69157830852
8,"Fruit",15,133.893380710196,128.305433088296
9,"Fruit",15,133.425479677599,127.486992684632
10,"Fruit",15,142.338764888056,138.082521537999
1,"Veggie",5,124.269486269286,144.289812608031
2,"Veggie",5,134.908100506142,141.465395669001
3,"Veggie",5,130.587107837705,147.53271635632
4,"Veggie",5,126.325477997689,130.093326818095
5,"Veggie",5,121.590081088969,133.21431314003
6,"Veggie",5,143.790032845772,134.986202063087
7,"Veggie",5,136.69157830852,117.487160290577
8,"Veggie",5,128.305433088296,133.893380710196
9,"Veggie",5,127.486992684632,133.425479677599
10,"Veggie",5,138.082521537999,142.338764888056
