"t","condition","iv","dv","dvb"
1,"Fruit",15,141.506385903132,147.107936506665
2,"Fruit",15,144.320169379084,144.373505146609
3,"Fruit",15,127.898939566199,121.08364968772
4,"Fruit",15,148.959584056758,117.278197892276
5,"Fruit",15,136.019607821004,136.499153901635
6,"Fruit",15,151.31236717116,126.14709295544
7,"Fruit",15,135.687620232657,140.783182442212
8,"Fruit",15,145.446671103907,138.333780772692
9,"Fruit",15,148.908104459203,153.195189102926
10,"Fruit",15,158.302710570457,127.50494036832
1,"Veggie",5,147.107936506665,141.506385903132
2,"Veggie",5,144.373505146609,144.320169379084
3,"Veggie",5,121.08364968772,127.898939566199
4,"Veggie",5,117.278197892276,148.959584056758
5,"Veggie",5,136.499153901635,136.019607821004
6,"Veggie",5,126.14709295544,151.31236717116
7,"Veggie",5,140.783182442212,135.687620232657
8,"Veggie",5,138.333780772692,145.446671103907
9,"Veggie",5,153.195189102926,148.908104459203
10,"Veggie",5,127.50494036832,158.302710570457
