"t","condition","iv","dv","dvb"
1,"Fruit",15,142.203923976099,135.626714102384
2,"Fruit",15,131.259290703343,119.513391354236
3,"Fruit",15,142.156105667316,118.430008466496
4,"Fruit",15,143.834614124812,127.671587211719
5,"Fruit",15,135.865047292059,133.529329917487
6,"Fruit",15,136.783267260051,131.168219006325
7,"Fruit",15,154.422893468393,138.228283902918
8,"Fruit",15,127.728854363452,142.646501897936
9,"Fruit",15,144.433661744229,130.019471055896
10,"Fruit",15,136.508661810632,116.448607089859
1,"Veggie",5,135.626714102384,142.203923976099
2,"Veggie",5,119.513391354236,131.259290703343
3,"Veggie",5,118.430008466496,142.156105667316
4,"Veggie",5,127.671587211719,143.834614124812
5,"Veggie",5,133.529329917487,135.865047292059
6,"Veggie",5,131.168219006325,136.783267260051
7,"Veggie",5,138.228283902918,154.422893468393
8,"Veggie",5,142.646501897936,127.728854363452
9,"Veggie",5,130.019471055896,144.433661744229
10,"Veggie",5,116.448607089859,136.508661810632
