"t","condition","iv","dv","dvb"
1,"Fruit",15,134.279375463892,124.055967113
2,"Fruit",15,139.336216129336,142.999221917701
3,"Fruit",15,147.033590813057,129.465850660481
4,"Fruit",15,135.156856659389,126.029423630818
5,"Fruit",15,155.99040358554,115.018964367841
6,"Fruit",15,112.821441017292,117.911937925706
7,"Fruit",15,115.588922380931,129.011458530289
8,"Fruit",15,133.880164712904,121.250026009946
9,"Fruit",15,143.332463209083,115.832472008499
10,"Fruit",15,139.445021866065,142.352242164474
1,"Veggie",5,124.055967113,134.279375463892
2,"Veggie",5,142.999221917701,139.336216129336
3,"Veggie",5,129.465850660481,147.033590813057
4,"Veggie",5,126.029423630818,135.156856659389
5,"Veggie",5,115.018964367841,155.99040358554
6,"Veggie",5,117.911937925706,112.821441017292
7,"Veggie",5,129.011458530289,115.588922380931
8,"Veggie",5,121.250026009946,133.880164712904
9,"Veggie",5,115.832472008499,143.332463209083
10,"Veggie",5,142.352242164474,139.445021866065
