"t","condition","iv","dv","dvb"
1,"Fruit",15,144.307215108481,119.078472938089
2,"Fruit",15,134.927461697057,127.011934059383
3,"Fruit",15,163.398908921028,135.533576859645
4,"Fruit",15,133.540427933238,114.084985186134
5,"Fruit",15,147.962520956505,123.094038977974
6,"Fruit",15,141.58754421327,136.286500109863
7,"Fruit",15,140.373059075318,124.541208033942
8,"Fruit",15,137.165566284006,131.869023941063
9,"Fruit",15,134.917132374609,108.695848387885
10,"Fruit",15,122.170006450688,150.064182799731
1,"Veggie",5,119.078472938089,144.307215108481
2,"Veggie",5,127.011934059383,134.927461697057
3,"Veggie",5,135.533576859645,163.398908921028
4,"Veggie",5,114.084985186134,133.540427933238
5,"Veggie",5,123.094038977974,147.962520956505
6,"Veggie",5,136.286500109863,141.58754421327
7,"Veggie",5,124.541208033942,140.373059075318
8,"Veggie",5,131.869023941063,137.165566284006
9,"Veggie",5,108.695848387885,134.917132374609
10,"Veggie",5,150.064182799731,122.170006450688
