"t","condition","iv","dv","dvb"
1,"Fruit",15,135.98220954775,126.551449562402
2,"Fruit",15,141.402882668325,144.379980754858
3,"Fruit",15,138.221556377468,135.243586060572
4,"Fruit",15,153.371039944225,129.206421739034
5,"Fruit",15,143.200626926017,134.486914520361
6,"Fruit",15,134.225026312311,126.101917028698
7,"Fruit",15,147.056335453576,141.586830065687
8,"Fruit",15,146.666422152922,128.006687391405
9,"Fruit",15,149.603254916401,134.08756128311
10,"Fruit",15,153.471063803059,122.620571067225
1,"Veggie",5,126.551449562402,135.98220954775
2,"Veggie",5,144.379980754858,141.402882668325
3,"Veggie",5,135.243586060572,138.221556377468
4,"Veggie",5,129.206421739034,153.371039944225
5,"Veggie",5,134.486914520361,143.200626926017
6,"Veggie",5,126.101917028698,134.225026312311
7,"Veggie",5,141.586830065687,147.056335453576
8,"Veggie",5,128.006687391405,146.666422152922
9,"Veggie",5,134.08756128311,149.603254916401
10,"Veggie",5,122.620571067225,153.471063803059
