"t","condition","iv","dv","dvb"
1,"Fruit",15,140.615343842533,144.201138651699
2,"Fruit",15,135.051476003423,126.166966805052
3,"Fruit",15,131.401301282982,121.249162335923
4,"Fruit",15,140.986423315882,134.316976065071
5,"Fruit",15,128.181225287662,125.361806702969
6,"Fruit",15,153.578685770062,125.200497876166
7,"Fruit",15,142.247789009521,130.682468543786
8,"Fruit",15,155.164385620473,117.735847219791
9,"Fruit",15,135.936058986399,125.614435556124
10,"Fruit",15,131.90319415585,123.880965721625
1,"Veggie",5,144.201138651699,140.615343842533
2,"Veggie",5,126.166966805052,135.051476003423
3,"Veggie",5,121.249162335923,131.401301282982
4,"Veggie",5,134.316976065071,140.986423315882
5,"Veggie",5,125.361806702969,128.181225287662
6,"Veggie",5,125.200497876166,153.578685770062
7,"Veggie",5,130.682468543786,142.247789009521
8,"Veggie",5,117.735847219791,155.164385620473
9,"Veggie",5,125.614435556124,135.936058986399
10,"Veggie",5,123.880965721625,131.90319415585
