"t","condition","iv","dv","dvb"
1,"Fruit",15,122.591230770526,111.250238469122
2,"Fruit",15,135.563699065255,127.073453282047
3,"Fruit",15,123.843360600756,151.575831002219
4,"Fruit",15,151.75589399281,124.397774288247
5,"Fruit",15,129.451833495362,121.271532927256
6,"Fruit",15,129.536966258141,122.979509707112
7,"Fruit",15,154.389387664209,127.105538577438
8,"Fruit",15,142.363819016909,127.679892383524
9,"Fruit",15,124.681245888529,114.750280813649
10,"Fruit",15,144.216013988036,123.711768612516
1,"Veggie",5,111.250238469122,122.591230770526
2,"Veggie",5,127.073453282047,135.563699065255
3,"Veggie",5,151.575831002219,123.843360600756
4,"Veggie",5,124.397774288247,151.75589399281
5,"Veggie",5,121.271532927256,129.451833495362
6,"Veggie",5,122.979509707112,129.536966258141
7,"Veggie",5,127.105538577438,154.389387664209
8,"Veggie",5,127.679892383524,142.363819016909
9,"Veggie",5,114.750280813649,124.681245888529
10,"Veggie",5,123.711768612516,144.216013988036
