"t","condition","iv","dv","dvb"
1,"Fruit",15,140.985259813027,157.766882465784
2,"Fruit",15,141.965130523896,122.461930389564
3,"Fruit",15,138.671087989118,133.613489602203
4,"Fruit",15,140.222193673982,129.69515770259
5,"Fruit",15,134.503739824654,131.388716619109
6,"Fruit",15,139.034670236659,128.991018731864
7,"Fruit",15,130.298209136011,126.965023760921
8,"Fruit",15,145.546470565244,139.699242532438
9,"Fruit",15,166.404490070915,126.73993569446
10,"Fruit",15,148.689968761768,135.979041057288
1,"Veggie",5,157.766882465784,140.985259813027
2,"Veggie",5,122.461930389564,141.965130523896
3,"Veggie",5,133.613489602203,138.671087989118
4,"Veggie",5,129.69515770259,140.222193673982
5,"Veggie",5,131.388716619109,134.503739824654
6,"Veggie",5,128.991018731864,139.034670236659
7,"Veggie",5,126.965023760921,130.298209136011
8,"Veggie",5,139.699242532438,145.546470565244
9,"Veggie",5,126.73993569446,166.404490070915
10,"Veggie",5,135.979041057288,148.689968761768
