"t","condition","iv","dv","dvb"
1,"Fruit",15,128.826824566751,135.464510098997
2,"Fruit",15,123.35629794203,119.535117692837
3,"Fruit",15,116.511875347761,122.872841539226
4,"Fruit",15,135.813727633038,117.199704122201
5,"Fruit",15,123.703988514734,118.130066411039
6,"Fruit",15,123.387433657361,125.817151709455
7,"Fruit",15,155.563085126616,123.473882223904
8,"Fruit",15,121.727355118276,124.374197935735
9,"Fruit",15,135.460363182391,126.955843163207
10,"Fruit",15,126.16812357086,110.681203205827
1,"Veggie",5,135.464510098997,128.826824566751
2,"Veggie",5,119.535117692837,123.35629794203
3,"Veggie",5,122.872841539226,116.511875347761
4,"Veggie",5,117.199704122201,135.813727633038
5,"Veggie",5,118.130066411039,123.703988514734
6,"Veggie",5,125.817151709455,123.387433657361
7,"Veggie",5,123.473882223904,155.563085126616
8,"Veggie",5,124.374197935735,121.727355118276
9,"Veggie",5,126.955843163207,135.460363182391
10,"Veggie",5,110.681203205827,126.16812357086
