"t","condition","iv","dv","dvb"
1,"Fruit",15,128.615561918341,140.187360128204
2,"Fruit",15,146.985551573533,141.972771205944
3,"Fruit",15,146.270494320981,145.826336966976
4,"Fruit",15,149.83430764115,119.683392158051
5,"Fruit",15,158.010898755942,119.249348861857
6,"Fruit",15,139.992737788851,111.150790911841
7,"Fruit",15,126.099057642735,116.029647002454
8,"Fruit",15,127.993253232963,126.63781736589
9,"Fruit",15,127.44449393029,119.471887493527
10,"Fruit",15,130.479323712257,132.997788958539
1,"Veggie",5,140.187360128204,128.615561918341
2,"Veggie",5,141.972771205944,146.985551573533
3,"Veggie",5,145.826336966976,146.270494320981
4,"Veggie",5,119.683392158051,149.83430764115
5,"Veggie",5,119.249348861857,158.010898755942
6,"Veggie",5,111.150790911841,139.992737788851
7,"Veggie",5,116.029647002454,126.099057642735
8,"Veggie",5,126.63781736589,127.993253232963
9,"Veggie",5,119.471887493527,127.44449393029
10,"Veggie",5,132.997788958539,130.479323712257
