"t","condition","iv","dv","dvb"
1,"Fruit",15,124.528782297232,105.480799524932
2,"Fruit",15,117.74623934339,120.157833755201
3,"Fruit",15,131.020162323557,116.563672979629
4,"Fruit",15,126.037543732032,133.031487778597
5,"Fruit",15,137.434164237472,118.526020246441
6,"Fruit",15,112.214833370682,138.657700492814
7,"Fruit",15,149.763729335638,145.655650521002
8,"Fruit",15,144.007937445021,121.113031736612
9,"Fruit",15,156.066587116464,115.346191672929
10,"Fruit",15,131.675109981848,134.176484322383
1,"Veggie",5,105.480799524932,124.528782297232
2,"Veggie",5,120.157833755201,117.74623934339
3,"Veggie",5,116.563672979629,131.020162323557
4,"Veggie",5,133.031487778597,126.037543732032
5,"Veggie",5,118.526020246441,137.434164237472
6,"Veggie",5,138.657700492814,112.214833370682
7,"Veggie",5,145.655650521002,149.763729335638
8,"Veggie",5,121.113031736612,144.007937445021
9,"Veggie",5,115.346191672929,156.066587116464
10,"Veggie",5,134.176484322383,131.675109981848
