"t","condition","iv","dv","dvb"
1,"Fruit",15,132.544772511824,122.708596417709
2,"Fruit",15,136.732410001447,119.783327911457
3,"Fruit",15,143.458220731321,144.790322954536
4,"Fruit",15,145.778802456221,117.835917013909
5,"Fruit",15,140.368127819619,129.332068524089
6,"Fruit",15,139.981413988878,149.89926227727
7,"Fruit",15,146.852983476592,132.316288050694
8,"Fruit",15,143.017854641842,149.944153764776
9,"Fruit",15,146.545330841728,124.037975289698
10,"Fruit",15,130.591017703332,134.88530466847
1,"Veggie",5,122.708596417709,132.544772511824
2,"Veggie",5,119.783327911457,136.732410001447
3,"Veggie",5,144.790322954536,143.458220731321
4,"Veggie",5,117.835917013909,145.778802456221
5,"Veggie",5,129.332068524089,140.368127819619
6,"Veggie",5,149.89926227727,139.981413988878
7,"Veggie",5,132.316288050694,146.852983476592
8,"Veggie",5,149.944153764776,143.017854641842
9,"Veggie",5,124.037975289698,146.545330841728
10,"Veggie",5,134.88530466847,130.591017703332
