"t","condition","iv","dv","dvb"
1,"Fruit",15,130.459878338154,127.975922000043
2,"Fruit",15,153.218766175155,131.833505606476
3,"Fruit",15,148.986775929904,142.359041496092
4,"Fruit",15,152.545188844128,121.953997829146
5,"Fruit",15,153.01010606112,134.551871745837
6,"Fruit",15,133.056527541498,133.155992397918
7,"Fruit",15,152.215349441797,135.539851286449
8,"Fruit",15,131.05601491059,136.313290729727
9,"Fruit",15,141.609316279024,142.525073795384
10,"Fruit",15,143.256500654602,120.852716777224
1,"Veggie",5,127.975922000043,130.459878338154
2,"Veggie",5,131.833505606476,153.218766175155
3,"Veggie",5,142.359041496092,148.986775929904
4,"Veggie",5,121.953997829146,152.545188844128
5,"Veggie",5,134.551871745837,153.01010606112
6,"Veggie",5,133.155992397918,133.056527541498
7,"Veggie",5,135.539851286449,152.215349441797
8,"Veggie",5,136.313290729727,131.05601491059
9,"Veggie",5,142.525073795384,141.609316279024
10,"Veggie",5,120.852716777224,143.256500654602
