"t","condition","iv","dv","dvb"
1,"Fruit",15,152.425798867328,136.684954828318
2,"Fruit",15,148.78463479232,142.717368831574
3,"Fruit",15,127.210454807587,142.100380779491
4,"Fruit",15,157.539286146188,119.762598384925
5,"Fruit",15,150.141610812517,130.408867131848
6,"Fruit",15,127.909720710233,126.277179271184
7,"Fruit",15,149.827793960087,126.651332604076
8,"Fruit",15,134.121017540847,133.396590068168
9,"Fruit",15,141.583574677582,138.38067631589
10,"Fruit",15,126.281667382494,117.893858611896
1,"Veggie",5,136.684954828318,152.425798867328
2,"Veggie",5,142.717368831574,148.78463479232
3,"Veggie",5,142.100380779491,127.210454807587
4,"Veggie",5,119.762598384925,157.539286146188
5,"Veggie",5,130.408867131848,150.141610812517
6,"Veggie",5,126.277179271184,127.909720710233
7,"Veggie",5,126.651332604076,149.827793960087
8,"Veggie",5,133.396590068168,134.121017540847
9,"Veggie",5,138.38067631589,141.583574677582
10,"Veggie",5,117.893858611896,126.281667382494
