"t","condition","iv","dv","dvb"
1,"Fruit",15,147.381282627149,114.812095240956
2,"Fruit",15,133.603137648667,123.907756075838
3,"Fruit",15,138.40167116807,134.480353763874
4,"Fruit",15,129.191409348743,124.516126305368
5,"Fruit",15,135.268735900585,136.920085060028
6,"Fruit",15,155.240234318099,137.090435595063
7,"Fruit",15,154.041844261438,147.53750583421
8,"Fruit",15,162.248043241802,109.867073521203
9,"Fruit",15,137.566830691825,133.522599182323
10,"Fruit",15,130.295484954204,118.364427497343
1,"Veggie",5,114.812095240956,147.381282627149
2,"Veggie",5,123.907756075838,133.603137648667
3,"Veggie",5,134.480353763874,138.40167116807
4,"Veggie",5,124.516126305368,129.191409348743
5,"Veggie",5,136.920085060028,135.268735900585
6,"Veggie",5,137.090435595063,155.240234318099
7,"Veggie",5,147.53750583421,154.041844261438
8,"Veggie",5,109.867073521203,162.248043241802
9,"Veggie",5,133.522599182323,137.566830691825
10,"Veggie",5,118.364427497343,130.295484954204
