"t","condition","iv","dv","dvb"
1,"Fruit",15,126.654550804355,117.725789551546
2,"Fruit",15,137.41133380289,142.622806067427
3,"Fruit",15,135.745207367035,129.690494897702
4,"Fruit",15,143.085993611852,126.913217953373
5,"Fruit",15,139.520667888323,133.593995348298
6,"Fruit",15,141.829477117307,129.924442185743
7,"Fruit",15,149.572311781792,118.160466478109
8,"Fruit",15,137.811111776365,129.036440275731
9,"Fruit",15,131.135869842395,147.182343465236
10,"Fruit",15,125.626113974512,121.336458638531
1,"Veggie",5,117.725789551546,126.654550804355
2,"Veggie",5,142.622806067427,137.41133380289
3,"Veggie",5,129.690494897702,135.745207367035
4,"Veggie",5,126.913217953373,143.085993611852
5,"Veggie",5,133.593995348298,139.520667888323
6,"Veggie",5,129.924442185743,141.829477117307
7,"Veggie",5,118.160466478109,149.572311781792
8,"Veggie",5,129.036440275731,137.811111776365
9,"Veggie",5,147.182343465236,131.135869842395
10,"Veggie",5,121.336458638531,125.626113974512
