"t","condition","iv","dv","dvb"
1,"Fruit",15,135.311667971016,137.357539466089
2,"Fruit",15,155.671436994908,129.950855884846
3,"Fruit",15,123.498961432619,134.249622144224
4,"Fruit",15,138.000005114945,132.75915730769
5,"Fruit",15,133.32825343595,129.50106469941
6,"Fruit",15,141.040078697451,123.331018613764
7,"Fruit",15,151.708280716348,134.016856372084
8,"Fruit",15,139.132157101849,134.158600977342
9,"Fruit",15,157.97729875046,137.813523786315
10,"Fruit",15,132.438326572066,131.14033527538
1,"Veggie",5,137.357539466089,135.311667971016
2,"Veggie",5,129.950855884846,155.671436994908
3,"Veggie",5,134.249622144224,123.498961432619
4,"Veggie",5,132.75915730769,138.000005114945
5,"Veggie",5,129.50106469941,133.32825343595
6,"Veggie",5,123.331018613764,141.040078697451
7,"Veggie",5,134.016856372084,151.708280716348
8,"Veggie",5,134.158600977342,139.132157101849
9,"Veggie",5,137.813523786315,157.97729875046
10,"Veggie",5,131.14033527538,132.438326572066
