"t","condition","iv","dv","dvb"
1,"Fruit",15,132.94038783591,122.876036439261
2,"Fruit",15,139.466758189414,132.138678842433
3,"Fruit",15,133.2428581889,124.13926786312
4,"Fruit",15,141.370059088752,113.637110499817
5,"Fruit",15,125.134790917632,137.737668190787
6,"Fruit",15,147.13349468818,122.220800906984
7,"Fruit",15,130.945424970395,127.369639774112
8,"Fruit",15,150.864929761838,137.819802456138
9,"Fruit",15,141.340669917691,119.997726271755
10,"Fruit",15,142.433445780727,133.363303950244
1,"Veggie",5,122.876036439261,132.94038783591
2,"Veggie",5,132.138678842433,139.466758189414
3,"Veggie",5,124.13926786312,133.2428581889
4,"Veggie",5,113.637110499817,141.370059088752
5,"Veggie",5,137.737668190787,125.134790917632
6,"Veggie",5,122.220800906984,147.13349468818
7,"Veggie",5,127.369639774112,130.945424970395
8,"Veggie",5,137.819802456138,150.864929761838
9,"Veggie",5,119.997726271755,141.340669917691
10,"Veggie",5,133.363303950244,142.433445780727
