"t","condition","iv","dv","dvb"
1,"Fruit",15,123.515958073111,139.212900936154
2,"Fruit",15,147.212799023569,134.918256956882
3,"Fruit",15,137.309042616876,124.675868320028
4,"Fruit",15,134.44649037898,140.887354878847
5,"Fruit",15,132.167124042789,110.384308663748
6,"Fruit",15,151.978715482275,144.980993527761
7,"Fruit",15,148.769666407479,106.466900121793
8,"Fruit",15,153.019224174213,131.971140419294
9,"Fruit",15,139.378919920055,134.364378692878
10,"Fruit",15,148.166323024848,126.600853239797
1,"Veggie",5,139.212900936154,123.515958073111
2,"Veggie",5,134.918256956882,147.212799023569
3,"Veggie",5,124.675868320028,137.309042616876
4,"Veggie",5,140.887354878847,134.44649037898
5,"Veggie",5,110.384308663748,132.167124042789
6,"Veggie",5,144.980993527761,151.978715482275
7,"Veggie",5,106.466900121793,148.769666407479
8,"Veggie",5,131.971140419294,153.019224174213
9,"Veggie",5,134.364378692878,139.378919920055
10,"Veggie",5,126.600853239797,148.166323024848
