"t","condition","iv","dv","dvb"
1,"Fruit",15,142.028605039886,102.266760376104
2,"Fruit",15,135.954386694341,148.231991889802
3,"Fruit",15,153.266886840509,126.70648785684
4,"Fruit",15,131.959834516881,127.20728098695
5,"Fruit",15,120.386780408678,141.623808661444
6,"Fruit",15,165.338840553424,136.557871514925
7,"Fruit",15,147.079097912794,130.13270629129
8,"Fruit",15,159.681502231221,144.738616558971
9,"Fruit",15,149.669674034078,133.28339619701
10,"Fruit",15,146.790559402407,131.345888965013
1,"Veggie",5,102.266760376104,142.028605039886
2,"Veggie",5,148.231991889802,135.954386694341
3,"Veggie",5,126.70648785684,153.266886840509
4,"Veggie",5,127.20728098695,131.959834516881
5,"Veggie",5,141.623808661444,120.386780408678
6,"Veggie",5,136.557871514925,165.338840553424
7,"Veggie",5,130.13270629129,147.079097912794
8,"Veggie",5,144.738616558971,159.681502231221
9,"Veggie",5,133.28339619701,149.669674034078
10,"Veggie",5,131.345888965013,146.790559402407
