"t","condition","iv","dv","dvb"
1,"Fruit",15,140.782678047958,127.601021792592
2,"Fruit",15,125.970326668877,141.65521343571
3,"Fruit",15,141.478091884689,122.163455901699
4,"Fruit",15,118.562800822071,123.778656271982
5,"Fruit",15,127.348709279911,113.474695573295
6,"Fruit",15,141.578486619687,136.526179016119
7,"Fruit",15,124.28905817688,117.96184024046
8,"Fruit",15,136.122552645013,128.32411323324
9,"Fruit",15,139.107490004974,117.053104696885
10,"Fruit",15,142.618683202628,111.246874764147
1,"Veggie",5,127.601021792592,140.782678047958
2,"Veggie",5,141.65521343571,125.970326668877
3,"Veggie",5,122.163455901699,141.478091884689
4,"Veggie",5,123.778656271982,118.562800822071
5,"Veggie",5,113.474695573295,127.348709279911
6,"Veggie",5,136.526179016119,141.578486619687
7,"Veggie",5,117.96184024046,124.28905817688
8,"Veggie",5,128.32411323324,136.122552645013
9,"Veggie",5,117.053104696885,139.107490004974
10,"Veggie",5,111.246874764147,142.618683202628
