"t","condition","iv","dv","dvb"
1,"Fruit",15,138.690616293364,128.232222242317
2,"Fruit",15,128.147476329981,133.871613497393
3,"Fruit",15,147.48594825153,143.427718745744
4,"Fruit",15,151.346533904337,139.020594370538
5,"Fruit",15,146.703545830081,127.137710595589
6,"Fruit",15,155.242877402664,125.917391227382
7,"Fruit",15,122.211224433149,124.560025206175
8,"Fruit",15,149.429056477129,134.518822374529
9,"Fruit",15,145.106896626183,121.191109947518
10,"Fruit",15,132.691451249609,140.964652678319
1,"Veggie",5,128.232222242317,138.690616293364
2,"Veggie",5,133.871613497393,128.147476329981
3,"Veggie",5,143.427718745744,147.48594825153
4,"Veggie",5,139.020594370538,151.346533904337
5,"Veggie",5,127.137710595589,146.703545830081
6,"Veggie",5,125.917391227382,155.242877402664
7,"Veggie",5,124.560025206175,122.211224433149
8,"Veggie",5,134.518822374529,149.429056477129
9,"Veggie",5,121.191109947518,145.106896626183
10,"Veggie",5,140.964652678319,132.691451249609
