"t","condition","iv","dv","dvb"
1,"Fruit",15,128.557624749529,110.830994239104
2,"Fruit",15,134.844071198797,101.283078062276
3,"Fruit",15,136.103473519279,113.967796689409
4,"Fruit",15,134.565730096481,129.982386299663
5,"Fruit",15,117.803640585167,118.607943462463
6,"Fruit",15,138.204448652825,118.470798126248
7,"Fruit",15,124.790049504469,122.635180097286
8,"Fruit",15,150.271018180086,127.136358162012
9,"Fruit",15,138.014764152875,117.064028628031
10,"Fruit",15,126.371258046556,131.892033753072
1,"Veggie",5,110.830994239104,128.557624749529
2,"Veggie",5,101.283078062276,134.844071198797
3,"Veggie",5,113.967796689409,136.103473519279
4,"Veggie",5,129.982386299663,134.565730096481
5,"Veggie",5,118.607943462463,117.803640585167
6,"Veggie",5,118.470798126248,138.204448652825
7,"Veggie",5,122.635180097286,124.790049504469
8,"Veggie",5,127.136358162012,150.271018180086
9,"Veggie",5,117.064028628031,138.014764152875
10,"Veggie",5,131.892033753072,126.371258046556
