"t","condition","iv","dv","dvb"
1,"Fruit",15,167.031255045689,126.211382716684
2,"Fruit",15,159.009036838128,129.799355217474
3,"Fruit",15,136.038010825961,123.579069286084
4,"Fruit",15,134.754810571324,136.99076180236
5,"Fruit",15,156.982736912788,150.235634512042
6,"Fruit",15,126.549042743895,161.828557365081
7,"Fruit",15,125.383523417802,127.781456176361
8,"Fruit",15,164.90615333239,141.240486918402
9,"Fruit",15,126.796328493796,119.149020152512
10,"Fruit",15,142.00252411836,115.480774079664
1,"Veggie",5,126.211382716684,167.031255045689
2,"Veggie",5,129.799355217474,159.009036838128
3,"Veggie",5,123.579069286084,136.038010825961
4,"Veggie",5,136.99076180236,134.754810571324
5,"Veggie",5,150.235634512042,156.982736912788
6,"Veggie",5,161.828557365081,126.549042743895
7,"Veggie",5,127.781456176361,125.383523417802
8,"Veggie",5,141.240486918402,164.90615333239
9,"Veggie",5,119.149020152512,126.796328493796
10,"Veggie",5,115.480774079664,142.00252411836
